1 0
2 1
3 2
4 2
5 3
6 3
7 4
8 5
9 5
10 6
11 6
12 7
13 7
14 7
15 8
16 8
17 9
18 9
19 10
20 10
21 11
22 12
23 12
24 13
25 13
26 13
27 13
28 14
29 14
30 15
31 15
32 16
33 16
34 16
35 16
36 17
37 17
38 17
39 18
40 18
41 18
42 18
43 19
44 19
45 19
46 19
47 20
48 20
49 20
50 20
51 20
52 21
53 21
54 21
55 21
56 21
57 21
58 22
59 22
60 22
61 23
62 23
63 24
64 25
65 25
66 25
67 25
68 26
69 26
70 27
71 27
72 27
73 28
74 28
75 28
76 28
77 29
78 29
79 29
80 30
81 30
82 30
83 31
84 31
85 31
86 31
87 31
88 31
89 32
90 32
91 33
92 34
93 34
94 34
95 34
96 35
97 35
98 36
99 36
100 37
101 37
102 38
103 38
104 38
105 38
106 38
107 39
108 39
109 39
110 41
111 41
112 42
113 42
114 43
115 43
116 43
117 43
118 43
119 44
120 44
121 44
122 45
123 45
124 46
125 46
126 48
127 48
128 48
129 48
130 49
131 49
132 50
133 50
134 50
135 50
136 50
137 50
138 51
139 51
140 51
141 51
142 51
143 51
144 52
145 53
146 53
147 53
148 53
149 54
150 54
151 54
152 55
153 55
154 55
155 55
156 56
157 56
158 56
159 56
160 57
161 58
162 58
163 58
164 58
165 59
166 59
167 59
168 60
169 60
170 60
171 61
172 61
173 61
174 62
175 62
176 63
177 64
178 65
179 65
180 65
181 65
182 65
183 66
184 66
185 66
186 66
187 66
188 67
189 67
190 67
191 68
192 68
193 68
194 68
195 68
196 68
197 69
198 70
199 70
200 70
201 70
202 70
203 70
204 70
205 70
206 71
207 71
208 71
209 71
210 72
211 72
212 72
213 72
214 73
215 73
216 73
217 73
218 74
219 74
220 74
221 74
222 75
223 75
224 75
225 75
226 76
227 76
228 77
229 77
230 77
231 78
232 78
233 78
234 78
235 79
236 79
237 79
238 79
239 79
240 79
241 79
242 80
243 80
244 80
245 80
246 80
247 81
248 82
249 82
250 82
251 83
252 84
253 84
254 84
255 84
256 85
257 85
258 85
259 85
260 86
261 86
262 86
263 86
264 87
265 87
266 87
267 87
268 87
269 88
270 88
271 88
