1 0
2 1
3 1
4 1
5 1
6 2
7 2
8 2
9 2
10 3
11 3
12 4
13 4
14 4
15 4
16 5
17 5
18 5
19 6
20 7
21 7
22 7
23 8
24 8
25 8
26 8
27 8
28 9
29 10
30 10
31 11
32 11
33 11
34 11
35 11
36 12
37 12
38 12
39 13
40 13
41 13
42 14
43 14
44 14
45 15
46 15
47 15
48 16
49 16
50 17
51 17
52 17
53 17
54 17
55 18
56 18
57 18
58 18
59 19
60 19
61 19
62 19
63 20
64 20
65 21
66 22
67 22
68 23
69 23
70 23
71 24
72 24
73 25
74 25
75 25
76 25
77 26
78 26
79 26
80 26
81 26
82 27
83 27
84 27
85 28
86 28
87 30
88 30
89 30
90 31
91 31
92 31
93 32
94 32
95 32
96 33
97 33
98 34
99 35
100 35
101 35
102 36
103 36
104 36
105 36
106 37
107 37
108 37
109 38
110 38
111 38
112 38
113 40
114 40
115 40
116 41
117 41
118 41
119 41
120 41
121 41
122 42
123 42
124 43
125 43
126 43
127 44
128 44
129 44
130 44
131 44
132 45
133 45
134 45
135 46
136 46
137 46
138 46
139 46
140 46
141 46
142 47
143 47
144 48
145 48
146 48
147 49
148 49
149 49
150 49
151 50
152 50
153 50
154 51
155 52
156 52
157 52
158 52
159 52
160 52
161 52
162 53
163 55
164 55
165 55
166 55
167 56
168 56
169 57
170 58
171 58
172 59
173 59
174 59
175 59
176 59
177 59
178 60
179 61
180 61
181 61
182 62
183 62
184 63
185 63
186 63
187 63
188 63
189 63
190 63
191 64
192 64
193 64
194 64
195 65
196 65
197 65
198 65
199 65
200 65
201 65
202 66
203 66
204 66
205 66
206 67
207 67
208 67
209 67
210 67
211 67
212 67
213 68
214 68
215 68
216 68
217 68
218 68
219 68
220 69
221 70
222 70
223 70
224 70
225 71
226 71
227 71
228 71
229 71
230 71
231 72
232 72
233 72
234 72
235 72
236 72
237 73
238 73
239 73
240 74
241 74
242 74
243 74
244 75
245 75
246 75
247 75
248 76
249 76
250 76
251 76
252 76
253 77
254 77
255 77
256 78
257 79
258 79
259 81
260 81
261 81
262 81
263 81
264 81
265 82
266 82
267 83
268 83
269 83
270 83
271 83
272 83
273 83
274 83
275 84
276 84
277 84
278 85
279 85
280 85
281 85
282 85
283 85
284 86
285 86
286 86
287 86
288 87
289 87
290 87
291 87
292 88
293 88
294 88
295 89
296 89
297 89
298 89
299 89
300 89
301 89
302 89
303 89
304 90
305 90
306 90
307 91
308 91
309 91
310 91
311 91
312 91
313 91
314 92
315 93
316 93
317 93
318 94
319 94
320 94
321 94
322 94
323 95
324 95
325 95
326 95
327 95
328 95
329 95
330 96
331 96
332 97
333 97
334 97
335 97
336 97
337 98
338 98
339 98
340 98
341 98
342 98
343 98
344 98
